clc
clear

x=[1:101];
y=[400 392 385 377 370 359 353 348 343 338 331 325 318 309 304 297 293 287 282 276 270 266 258 252 248 243 239 233 229 224 220 214 210 204 199 195 189 186 181 177 174 169 165 162 160 154 151 148 144 143 140 138 135 132 130 125 123 121 120 117 114 111 109 107 106 105 102 102 98 94 91 90 88 86 84 82 80 77 75 73 70 70 69 68 67 65 64 63 62 61 60 59 56 56 55 54 52 52 50 49 49]
plot(x,y)
xlim([1 100])
ylim([1 400])
xlabel('waktu (t)')
ylabel('jumlah nukleus')
title('Grafik Peluruhan Waktu Paruh Large')
